              precision    recall  f1-score   support

           a       1.00      1.00      1.00        60
           b       1.00      1.00      1.00        60
           c       1.00      1.00      1.00        60
           d       0.98      1.00      0.99        60
           e       1.00      1.00      1.00        60
           f       1.00      0.95      0.97        60
           i       1.00      1.00      1.00        60
           k       1.00      1.00      1.00        60
           l       0.98      1.00      0.99        60
           m       0.98      0.97      0.97        60
           n       0.97      0.98      0.98        60
           o       1.00      1.00      1.00        60
           p       1.00      1.00      1.00        60
           q       1.00      1.00      1.00        60
           r       1.00      1.00      1.00        60
           s       1.00      0.97      0.98        60
           t       0.95      1.00      0.98        60
           u       1.00      1.00      1.00        60

    accuracy                           0.99      1080
   macro avg       0.99      0.99      0.99      1080
weighted avg       0.99      0.99      0.99      1080
